1662 0 0 0 1 0 0 0 0 0 0 0 0 0 0 0 0 1 0 1
0 671 0 0 0 0 23 0 5 0 1 0 0 1 2 0 4 3 0 8
0 0 659 0 0 0 2 0 1 0 0 0 0 1 1 0 0 0 0 1
0 0 0 806 0 0 0 1 0 1 0 0 0 1 0 0 0 0 1 0
1 0 0 0 1396 13 0 0 0 0 1 0 0 1 1 0 0 0 0 1
0 0 0 0 13 2701 0 0 0 0 0 0 0 0 0 0 0 0 0 0
0 23 2 0 0 0 686 0 20 0 0 0 0 2 5 0 2 4 0 6
0 0 0 1 0 0 0 629 0 1 10 0 0 2 0 5 1 0 0 0
0 5 1 0 0 0 20 0 775 0 0 0 0 0 8 2 1 8 0 4
0 0 0 1 0 0 0 1 0 359 0 0 0 0 0 0 0 0 0 0
0 1 0 0 1 0 0 10 0 0 718 0 0 0 0 14 0 0 2 0
0 0 0 0 0 0 0 0 0 0 0 1025 2 0 0 0 1 1 0 0
0 0 0 0 0 0 0 0 0 0 0 2 518 2 2 0 1 0 0 0
0 1 1 1 1 0 2 2 0 0 0 0 2 1141 0 0 0 1 0 4
0 2 1 0 1 0 5 0 8 0 0 0 2 0 553 0 6 9 1 18
0 0 0 0 0 0 0 5 2 0 14 0 0 0 0 416 0 0 8 0
0 4 0 0 0 0 2 1 1 0 0 1 1 0 6 0 542 0 1 4
1 3 0 0 0 0 4 0 8 0 0 1 0 1 9 0 0 527 0 8
0 0 0 1 0 0 0 0 0 0 2 0 0 0 1 8 1 0 454 0
1 8 1 0 1 0 6 0 4 0 0 0 0 4 18 0 4 8 0 876
